Test,m = 1
CDR,0.275
